2000
2 21
3 
1 64
3 
3 
3 
1 30
1 24
3 
1 37
2 22
3 
2 12
1 10
1 34
3 
1 3
2 3
2 90
2 8
1 98
2 28
3 
3 
2 50
1 77
1 61
2 62
1 44
2 56
2 16
2 66
3 
3 
1 91
3 
2 69
3 
1 33
2 95
2 90
2 23
2 36
1 6
3 
1 99
1 27
3 
1 13
3 
2 90
1 9
1 21
1 10
3 
2 87
3 
3 
2 73
3 
2 25
1 80
3 
1 50
1 69
2 94
1 14
1 12
3 
3 
3 
2 11
2 60
3 
1 91
2 25
3 
1 26
3 
3 
3 
2 84
2 50
2 31
2 80
2 67
2 31
1 93
1 2
1 4
2 75
2 8
3 
3 
2 67
2 4
1 50
2 18
3 
1 34
3 
1 45
3 
3 
3 
3 
2 82
1 69
1 6
2 14
3 
1 37
2 82
2 68
2 23
1 18
3 
3 
3 
3 
2 89
1 22
1 86
3 
2 61
2 69
3 
1 33
3 
3 
1 75
2 59
3 
3 
1 93
2 20
2 8
2 56
1 68
3 
3 
3 
1 10
2 49
2 46
1 93
3 
3 
3 
3 
2 66
1 98
2 61
3 
1 59
1 2
2 78
3 
3 
3 
2 44
2 29
2 54
1 73
2 38
2 37
2 42
1 55
3 
1 83
3 
2 33
2 12
3 
1 18
1 6
1 51
3 
3 
2 57
2 32
1 67
2 25
1 85
3 
1 73
2 21
2 45
2 47
3 
1 90
2 29
2 90
1 17
1 39
2 81
3 
1 65
1 91
2 25
2 5
1 100
1 93
3 
3 
2 51
3 
2 44
2 81
3 
3 
1 17
1 35
1 34
1 67
1 71
2 84
2 18
2 57
3 
3 
3 
3 
3 
2 47
3 
1 18
1 55
2 79
3 
2 6
1 77
3 
2 92
1 90
1 8
1 82
3 
2 88
3 
2 14
2 10
2 12
1 72
1 85
3 
2 46
2 64
2 14
3 
2 63
2 72
2 16
2 64
3 
1 71
2 39
2 49
3 
2 81
3 
2 43
2 58
2 86
3 
2 68
2 64
2 16
2 81
3 
1 98
3 
1 56
2 2
1 25
2 16
2 50
1 25
3 
2 47
1 34
3 
1 20
1 94
1 63
3 
2 54
1 75
3 
1 35
2 63
2 93
1 47
2 43
3 
2 49
3 
3 
3 
2 44
1 47
1 90
1 77
3 
2 33
1 5
2 67
2 78
3 
2 27
1 43
2 97
3 
2 84
2 38
2 11
1 18
2 1
3 
1 56
1 99
2 19
1 83
3 
3 
1 45
2 74
1 6
1 86
1 52
1 67
1 66
1 45
2 72
3 
2 11
1 61
1 51
1 42
2 27
2 18
3 
2 47
3 
1 58
3 
2 48
3 
1 33
1 27
2 78
1 66
1 69
2 66
3 
1 14
2 60
2 64
1 1
1 99
3 
1 62
3 
2 49
3 
2 64
1 36
3 
3 
2 53
2 23
1 27
3 
3 
1 78
2 41
3 
1 23
2 67
3 
2 1
3 
2 80
3 
2 31
1 71
1 11
1 28
2 99
1 66
1 63
3 
2 59
3 
3 
1 35
3 
2 17
3 
1 52
2 67
2 29
3 
3 
1 42
3 
1 59
1 20
2 58
3 
1 60
1 65
1 71
1 87
1 72
1 19
2 35
2 81
1 98
3 
3 
3 
2 19
1 25
3 
1 53
3 
1 1
2 49
1 12
1 99
3 
1 77
2 44
3 
1 12
2 31
1 78
3 
3 
1 36
1 95
2 27
3 
3 
2 5
2 21
3 
1 61
3 
2 15
1 3
3 
3 
1 17
2 33
1 62
2 16
2 82
3 
2 88
1 33
1 43
1 44
2 43
3 
3 
3 
1 29
2 9
2 35
3 
2 89
2 58
3 
3 
2 29
3 
2 39
2 97
2 16
1 72
2 12
2 35
3 
2 88
1 55
2 94
3 
2 62
3 
1 74
2 88
3 
3 
2 15
3 
1 84
1 85
2 64
1 23
3 
1 4
2 76
3 
2 97
1 7
3 
2 24
1 12
3 
3 
3 
3 
1 90
2 81
3 
3 
2 35
3 
2 46
3 
3 
3 
2 17
3 
1 6
3 
1 56
1 58
3 
2 84
1 64
2 36
2 94
2 63
3 
3 
1 69
2 80
3 
1 29
3 
1 49
2 47
1 49
2 62
3 
2 57
1 74
2 4
3 
1 9
3 
1 27
1 42
1 7
3 
3 
2 93
2 60
3 
2 42
3 
1 57
3 
1 11
2 81
1 55
3 
1 59
1 28
3 
1 67
2 77
2 86
3 
3 
2 82
3 
2 23
3 
1 9
2 43
3 
1 33
3 
3 
2 49
1 79
1 61
3 
2 30
1 59
2 67
1 62
2 59
3 
1 94
2 14
1 43
1 18
2 56
3 
3 
2 14
2 51
3 
1 47
3 
2 13
2 93
2 84
3 
3 
2 81
2 82
2 20
2 5
2 56
1 19
1 82
1 2
2 34
1 23
2 3
3 
2 2
1 84
2 36
2 34
1 50
3 
2 18
2 28
3 
2 52
3 
1 34
3 
1 46
3 
3 
1 75
1 73
2 47
3 
2 78
3 
2 17
1 25
1 76
2 12
1 14
2 57
2 4
2 70
2 45
2 56
3 
3 
2 46
1 73
1 55
1 72
1 48
2 52
1 60
2 72
3 
2 52
2 79
3 
1 96
3 
3 
2 22
2 41
1 18
1 93
1 13
2 84
2 14
1 54
2 92
1 50
3 
3 
2 45
1 21
3 
2 81
1 78
1 64
2 86
3 
2 2
2 59
1 36
2 73
3 
1 3
2 54
2 44
1 29
2 70
2 100
3 
3 
3 
2 8
2 39
3 
2 5
3 
2 66
1 100
1 98
1 62
1 85
1 64
2 65
1 69
3 
1 50
3 
2 32
2 17
2 53
2 64
1 52
1 24
3 
1 69
2 73
2 19
2 49
3 
2 33
1 67
3 
1 63
2 22
1 20
1 12
3 
3 
2 20
1 94
2 59
2 95
2 45
1 9
1 51
1 30
1 90
1 50
3 
2 56
3 
3 
2 12
1 26
1 65
3 
3 
2 76
1 13
1 90
3 
3 
1 15
3 
2 48
2 10
3 
2 13
3 
3 
2 2
1 73
2 5
2 86
1 42
1 99
2 87
2 29
2 3
2 76
3 
1 87
1 67
3 
2 22
3 
1 31
2 79
1 39
1 77
3 
3 
3 
3 
2 15
1 69
1 59
3 
1 2
2 21
2 64
1 92
3 
3 
2 56
2 61
3 
2 88
3 
1 59
2 46
2 15
3 
3 
2 28
2 57
3 
2 1
3 
3 
3 
2 88
3 
1 45
3 
3 
2 28
3 
3 
3 
3 
1 57
1 56
3 
2 62
3 
3 
2 100
2 29
3 
3 
1 98
1 37
2 10
2 9
2 75
2 56
1 61
3 
3 
2 41
1 86
2 72
1 10
2 48
2 12
2 23
2 31
2 79
3 
1 77
1 38
1 1
1 92
1 51
1 59
3 
1 74
1 6
2 4
2 77
1 94
2 77
3 
3 
2 72
3 
2 8
2 94
1 82
3 
1 47
1 56
1 86
1 13
2 65
1 75
2 9
3 
1 31
2 88
1 15
2 34
2 74
2 5
3 
2 47
2 87
2 91
3 
1 70
1 56
2 91
2 82
2 38
3 
2 12
2 52
3 
2 65
1 68
1 22
1 31
3 
1 7
3 
3 
2 24
2 33
2 63
2 65
1 50
3 
1 3
3 
1 3
1 68
3 
1 100
1 64
3 
2 78
3 
3 
3 
1 35
2 20
1 19
3 
3 
1 12
2 71
3 
3 
1 34
3 
2 70
2 21
2 98
1 51
3 
2 73
1 84
3 
2 27
3 
2 17
2 59
1 69
2 46
1 86
2 92
2 30
1 3
3 
2 18
3 
3 
3 
1 82
3 
1 83
3 
1 72
3 
3 
1 25
1 64
2 49
3 
2 54
3 
3 
3 
2 70
1 1
1 29
3 
2 34
2 86
2 39
1 85
1 59
2 37
3 
1 84
3 
1 98
1 71
2 22
3 
3 
1 26
3 
1 56
2 67
2 74
3 
3 
3 
3 
2 45
3 
3 
2 87
2 30
1 94
3 
2 72
2 64
3 
2 84
1 67
3 
3 
3 
1 52
3 
2 10
2 51
2 28
1 71
1 90
1 98
1 27
2 96
2 66
1 56
1 12
2 53
2 63
1 35
2 41
1 27
1 15
1 66
2 25
2 34
1 22
3 
3 
2 21
3 
2 88
1 75
2 33
2 93
1 55
2 61
3 
2 96
2 84
1 50
1 50
2 87
1 48
2 19
1 57
2 27
3 
3 
2 87
3 
1 95
3 
2 92
2 67
1 92
2 35
2 100
3 
3 
2 40
2 11
1 60
2 77
1 36
1 17
1 19
2 95
3 
1 21
2 9
1 93
1 95
2 42
1 18
3 
1 28
1 71
2 11
2 86
3 
3 
2 43
2 25
1 67
2 48
3 
3 
3 
1 51
1 94
2 32
2 73
1 9
2 88
3 
3 
1 17
1 90
2 39
3 
1 43
1 21
1 23
2 20
3 
1 27
1 74
2 86
3 
1 66
3 
1 63
2 57
1 9
2 36
2 79
1 24
1 78
3 
1 22
2 71
3 
1 95
1 52
2 14
3 
1 63
3 
1 80
1 56
2 56
3 
1 89
3 
3 
1 27
1 100
2 57
1 49
1 17
2 36
3 
1 16
1 71
2 71
1 66
2 1
3 
1 82
3 
2 8
3 
1 76
1 96
1 44
1 30
3 
1 22
1 1
3 
3 
3 
2 41
1 7
3 
2 93
1 51
1 29
1 79
3 
3 
3 
1 17
3 
3 
3 
2 85
3 
2 53
2 65
3 
1 24
1 99
1 10
2 6
3 
3 
2 74
2 82
2 71
1 4
3 
3 
2 57
2 62
3 
1 69
3 
3 
3 
3 
1 76
1 89
3 
2 27
3 
1 65
1 30
1 8
3 
1 34
3 
2 38
3 
1 34
1 65
3 
1 18
1 81
2 98
2 85
3 
3 
2 52
1 41
2 44
3 
3 
3 
2 87
3 
3 
1 56
2 63
3 
1 17
3 
1 38
2 45
3 
2 6
2 83
1 61
3 
1 49
1 92
2 6
2 33
1 22
3 
2 13
2 95
3 
1 1
1 66
2 95
2 24
1 69
2 44
1 41
2 39
2 55
2 80
1 22
2 85
1 19
3 
1 50
2 79
3 
1 92
1 56
1 47
2 34
1 46
3 
2 85
2 3
3 
1 86
3 
3 
2 40
2 53
3 
3 
3 
3 
3 
2 54
1 66
1 13
3 
2 8
3 
3 
1 98
2 17
2 26
1 90
3 
1 68
3 
2 63
1 81
1 42
3 
1 36
1 8
3 
1 11
2 33
2 89
1 30
3 
1 45
3 
3 
3 
3 
1 89
2 10
1 73
2 97
3 
1 43
3 
1 60
1 87
3 
1 31
1 62
3 
1 63
2 40
1 18
2 57
3 
1 67
3 
2 88
1 9
2 4
1 97
3 
2 62
1 44
1 25
3 
1 5
2 59
1 55
2 90
2 5
3 
1 24
1 91
1 15
3 
2 33
3 
2 16
2 9
2 90
1 31
1 8
3 
2 94
1 34
3 
1 81
1 72
1 92
3 
2 12
1 4
2 9
3 
2 85
3 
1 69
3 
1 20
2 16
3 
1 47
2 93
3 
1 2
3 
3 
3 
1 13
1 19
2 14
1 77
2 43
3 
2 80
2 50
2 58
3 
2 56
3 
2 98
3 
1 12
1 43
2 1
2 56
2 64
3 
2 10
2 66
3 
1 65
1 86
2 71
2 52
2 79
3 
2 96
2 67
2 24
1 15
2 52
1 17
3 
1 26
3 
1 86
1 38
2 13
2 85
3 
2 97
2 82
3 
1 34
1 80
1 3
1 31
1 54
2 76
1 15
3 
1 84
2 36
2 47
3 
1 77
2 24
1 25
3 
1 73
3 
1 9
3 
3 
1 37
3 
3 
2 25
3 
3 
3 
3 
3 
3 
3 
3 
2 92
3 
2 13
3 
1 64
3 
2 94
2 71
2 66
3 
1 58
2 63
2 36
2 51
2 41
1 68
3 
2 46
2 22
3 
2 46
2 90
3 
3 
2 85
3 
3 
1 63
1 100
3 
2 41
3 
2 84
3 
2 36
2 53
1 47
1 54
3 
1 1
3 
2 55
2 56
3 
3 
1 57
1 42
2 68
1 44
1 96
3 
2 34
3 
2 39
3 
2 18
3 
2 59
3 
2 97
2 85
2 41
1 67
2 97
3 
3 
3 
3 
2 4
3 
2 30
1 88
3 
1 70
1 84
1 80
2 86
3 
2 77
2 87
3 
1 93
1 65
2 18
2 93
2 57
3 
2 9
3 
1 9
2 66
2 41
3 
3 
1 82
2 91
2 93
2 57
1 53
2 97
1 76
3 
1 78
1 93
3 
3 
1 99
1 19
1 16
3 
3 
3 
3 
3 
3 
3 
2 52
3 
2 64
3 
2 36
1 77
2 2
3 
2 84
1 88
2 51
2 47
1 19
3 
3 
2 22
3 
2 29
3 
1 24
3 
3 
2 64
2 20
3 
2 27
3 
3 
2 48
3 
3 
3 
3 
3 
3 
3 
2 47
2 17
2 85
2 28
1 40
2 56
3 
3 
2 29
2 9
3 
2 3
1 97
2 90
3 
2 73
2 23
1 89
2 28
1 62
3 
3 
1 87
1 83
2 49
3 
3 
2 19
3 
1 59
2 87
2 62
2 7
1 69
3 
2 24
2 1
1 15
2 53
3 
2 14
1 84
3 
2 80
1 19
2 14
3 
3 
1 2
2 46
3 
1 28
2 84
1 54
2 43
3 
2 17
2 7
1 14
2 75
3 
2 83
2 52
1 5
3 
2 14
3 
3 
1 47
1 39
2 83
2 89
3 
2 65
1 82
1 100
2 51
2 27
2 86
1 14
3 
2 70
1 9
2 44
1 7
1 30
2 83
2 5
1 44
3 
3 
2 73
1 54
2 25
2 38
1 39
2 91
2 45
1 51
1 61
1 70
2 70
2 1
3 
1 40
3 
1 66
3 
2 31
1 5
1 75
3 
2 35
2 24
2 77
2 52
1 69
1 56
1 1
3 
1 59
2 72
1 21
3 
3 
3 
1 77
2 68
3 
1 30
3 
2 51
3 
1 37
1 8
3 
1 24
2 37
1 98
1 86
2 29
1 26
3 
3 
2 83
1 100
1 12
2 83
2 83
1 32
1 92
2 80
1 67
3 
2 42
3 
3 
2 96
3 
2 93
1 91
3 
3 
2 79
1 37
3 
3 
2 11
2 10
2 98
2 12
1 38
2 80
1 72
3 
1 2
1 53
3 
2 100
2 32
1 98
3 
3 
3 
3 
3 
2 16
3 
3 
2 100
3 
1 18
1 23
3 
2 35
3 
2 1
1 22
3 
3 
2 12
2 20
1 69
3 
1 67
2 63
1 11
3 
3 
3 
2 12
2 51
3 
2 53
3 
2 20
3 
3 
1 67
2 9
3 
1 38
1 29
2 14
1 65
1 16
2 20
2 37
2 65
1 50
2 88
3 
1 32
2 63
2 39
3 
1 99
2 57
2 76
2 75
2 96
1 58
1 57
3 
1 51
3 
1 58
3 
1 3
2 38
3 
2 1
3 
2 17
1 62
2 44
2 57
2 66
1 16
3 
3 
1 78
2 34
2 50
1 70
1 84
1 27
1 82
3 
2 29
2 67
2 81
3 
1 42
3 
3 
2 45
1 36
3 
2 65
1 67
1 67
1 68
2 38
3 
1 9
3 
1 7
2 60
2 14
1 13
1 74
2 82
3 
3 
3 
1 17
2 66
3 
3 
3 
3 
2 43
1 16
1 5
3 
3 
2 91
1 78
1 13
1 62
3 
2 89
2 97
2 15
1 12
1 13
3 
2 43
2 79
3 
1 97
3 
3 
2 60
1 4
3 
1 84
1 74
1 79
1 19
1 12
3 
1 6
1 31
3 
2 38
2 100
1 47
1 78
3 
1 49
3 
1 2
1 19
